115551 5111515555. 641

11565515 5515715111. 185. 8555515551).87;(55155.)868.
1151155155 15. Vid. Vltus. Pancratius tn. 51, 75, 81, 887, 816, 578,
lionegundis 5. (5. 0155. 75155.) 575. 575; (55155.) 616. ι
1155155 rid. (5. walthero) 861. - 71. 8551515515. 85, 811, 888, 858557, 579;
(5. codem) 861. (51158, 77.

15115551. m. 51. Paphnutius ab. 518.

8516515555 ab. 511 ; (51.) 806-77, 581.
1151115115 51. Vici. Georgius. 85515115. 71515555.
55551155 51051555 mm. 58,178,181; 85151555 55. 1111155. (5. Fortunato) 550.

(51.) 77, 85; (complitis. Patroclus rn. 88, 177, 185, 56, 587 ;
Pacarius 51. carth. vid. speratus. (550155. 75155.) 88, 177.

1155551. Vici. Speusippus. Patrum (Vitae) 86, 87, 168165, 161,
1151555, Achilleus 51 555. 1551. 51, 85, 165,178, 515, 586, 565, 586, 587.

807, 816, 888, 578, 575. 85515 rid. (5. Hieronymo) 178, 186,
Nicasius 55. llern. 851, 510. 867, 161, 560, 587.

Nicephorus 15. 857. Paulinus ep. 11515515. 515515) 558.
liicetius ep. lugdun. (5. 6155. 75155.) Paulinus 55. Treuir. 586, 588.

886. 855155 55. (5. 8555651155) 51, 81, 810,
5155155555. 11511. 1, 56, 58, 78, 871, 818, 888, 551, 178, 618; (5. Pseudo·

875, 550, 581, 180, 188518, 586, 571, 55155115) 85, 51, 571; (5. 855565-

578;(55155.) 18, 617. - 71. 875, 581, abdia) 51, 818, 818, 868, 168; (56.

571; (51.) 101 ; (55155.) 58, 578. - 81111. 05515.) 76, 81, 577; (ex Greg.

1111. 1, 56, 58, 875, 181, 405-88, 75155.)810, 818, 868; (comp.) 616.

571, 618. -115155, 168. - consecratio altaris 716. 851155
nicostratus m. 716051555ῑί 55511551. 55. 5515.

85515515. 11515. 8165555555.
061115 r. 75, 576. Paulus nr. Lampsaci Pru. Petrus.
06115 ab. 015515. 15155165)8; (5. 85115 855155 epicos. 10, 181.

85151555) 8, 501; (51.) 581; (epist. Paulus ep. Narbon. 15, 57, 11, 17, 75,
¹ 6515151688. - 115155. 561. 888, 505 ; (51.) 181.

065 al). 0155. (5. 155555) 8, 858 ; (51.) 855155 51. (5. Hieronymo) 15, 88, 88,

588;(51.)161,175. 1 86, 87, 88, 175, 188, 861, 868165,
0551555551. 615. - 186, 515, 585, 586, 587.
olympias 51 Maximus mm. 15, 18 8515515 paenitens (5155555 6155568,

(abdon 51 855555), 86, 180 (Polycro 858, 508; (51.1857, 158, 555.

5155), 885, 587, 508, 557, 578. Pelagia, 155151 8. 115611 581.
0115585555. 1555. 50. Peregrinus 55. 15115156. 15. 75, 808.
01551155 15. Vici. Vincentius. Perpetua et Felicitas curn soc. (Satyro,
0111151155 517. 851515155, Revocato) mm. 11, 18, 81,
05551655 rex (ex 8565) 555, 588. - 181,887,156,185.

1111. 588. 85155155,155151 81155551 178, 478-
othmarus 55.(5. 815151116571. -lilev.. 76.

(a. isone) 71. 8511551115 v. m. 577.
carun 51555. r. 5. 11

 

